 1.07400574e-02	 0.00000000e+00
 1.09168919e-02	 0.00000000e+00
 1.10966380e-02	 0.00000000e+00
 1.12793436e-02	 0.00000000e+00
 1.14650575e-02	 0.00000000e+00
 1.16538291e-02	 0.00000000e+00
 1.18457089e-02	 0.00000000e+00
 1.20407479e-02	 0.00000000e+00
 1.22389983e-02	 0.00000000e+00
 1.24405128e-02	 0.00000000e+00
 1.26453453e-02	 0.00000000e+00
 1.28535503e-02	 3.26022238e-11
 1.30651834e-02	 3.26022238e-11
 1.32803011e-02	 3.26022238e-11
 1.34989606e-02	 3.26022238e-11
 1.37212204e-02	 3.26022238e-11
 1.39471396e-02	 3.26022238e-11
 1.41767786e-02	 3.26022238e-11
 1.44101986e-02	 3.26022238e-11
 1.46474619e-02	 3.26022238e-11
 1.48886316e-02	 3.26022238e-11
 1.51337723e-02	 3.26022238e-11
 1.53829491e-02	 3.26022238e-11
 1.56362287e-02	 3.26022238e-11
 1.58936784e-02	 3.26022238e-11
 1.61553671e-02	 3.26022238e-11
 1.64213645e-02	 3.26022238e-11
 1.66917415e-02	 3.26022238e-11
 1.69665702e-02	 3.26022238e-11
 1.72459240e-02	 3.26022238e-11
 1.75298773e-02	 3.26022238e-11
 1.78185060e-02	 3.26022238e-11
 1.81118868e-02	 3.26022238e-11
 1.84100982e-02	 3.26022238e-11
 1.87132196e-02	 3.26022238e-11
 1.90213319e-02	 3.26022238e-11
 1.93345172e-02	 3.26022238e-11
 1.96528592e-02	 3.26022238e-11
 1.99764426e-02	 3.26022238e-11
 2.03053538e-02	 3.26022238e-11
 2.06396805e-02	 3.26022238e-11
 2.09795118e-02	 3.26022238e-11
 2.13249385e-02	 3.26022238e-11
 2.16760526e-02	 3.26022238e-11
 2.20329478e-02	 3.26022238e-11
 2.23957193e-02	 3.26022238e-11
 2.27644638e-02	 3.26022238e-11
 2.31392796e-02	 3.26022238e-11
 2.35202668e-02	 3.26022238e-11
 2.39075269e-02	 3.93506025e-10
 2.43011632e-02	 3.93506025e-10
 2.47012807e-02	 3.93506025e-10
 2.51079861e-02	 3.93506025e-10
 2.55213880e-02	 3.93506025e-10
 2.59415964e-02	 3.93506025e-10
 2.63687236e-02	 3.93506025e-10
 2.68028834e-02	 3.93506025e-10
 2.72441916e-02	 3.93506025e-10
 2.76927660e-02	 3.93506025e-10
 2.81487261e-02	 3.93506025e-10
 2.86121935e-02	 3.93506025e-10
 2.90832920e-02	 3.93506025e-10
 2.95621470e-02	 3.93506025e-10
 3.00488864e-02	 3.93506025e-10
 3.05436399e-02	 3.93506025e-10
 3.10465395e-02	 3.93506025e-10
 3.15577193e-02	 3.93506025e-10
 3.20773157e-02	 3.93506025e-10
 3.26054672e-02	 3.93506025e-10
 3.31423147e-02	 3.93506025e-10
 3.36880014e-02	 3.93506025e-10
 3.42426728e-02	 3.93506025e-10
 3.48064768e-02	 3.93506025e-10
 3.53795638e-02	 3.93506025e-10
 3.59620866e-02	 4.11698852e-10
 3.65542007e-02	 4.11698852e-10
 3.71560639e-02	 4.11698852e-10
 3.77678368e-02	 4.11698852e-10
 3.83896825e-02	 4.11698852e-10
 3.90217668e-02	 4.11698852e-10
 3.96642584e-02	 4.11698852e-10
 4.03173285e-02	 4.11698852e-10
 4.09811515e-02	 4.11698852e-10
 4.16559042e-02	 4.11698852e-10
 4.23417667e-02	 4.11698852e-10
 4.30389220e-02	 4.11698852e-10
 4.37475558e-02	 4.11698852e-10
 4.44678573e-02	 1.30515200e-09
 4.52000185e-02	 2.47783460e-09
 4.59442347e-02	 2.47783460e-09
 4.67007043e-02	 2.47783460e-09
 4.74696293e-02	 2.47783460e-09
 4.82512145e-02	 2.47783460e-09
 4.90456685e-02	 2.47783460e-09
 4.98532031e-02	 2.47783460e-09
 5.06740338e-02	 2.47783460e-09
 5.15083794e-02	 4.00900632e-09
 5.23564625e-02	 4.00900632e-09
 5.32185092e-02	 4.00900632e-09
 5.40947495e-02	 4.00900632e-09
 5.49854170e-02	 6.06885280e-09
 5.58907493e-02	 8.06862734e-09
 5.68109879e-02	 8.06862734e-09
 5.77463782e-02	 8.06862734e-09
 5.86971696e-02	 1.07134952e-08
 5.96636158e-02	 1.07134952e-08
 6.06459744e-02	 1.07134952e-08
 6.16445075e-02	 1.07134952e-08
 6.26594815e-02	 1.07134952e-08
 6.36911669e-02	 1.07134952e-08
 6.47398390e-02	 1.07134952e-08
 6.58057775e-02	 1.07134952e-08
 6.68892665e-02	 1.07134952e-08
 6.79905952e-02	 1.07134952e-08
 6.91100571e-02	 1.22300053e-08
 7.02479510e-02	 1.22300053e-08
 7.14045803e-02	 1.82039514e-08
 7.25802533e-02	 1.82039514e-08
 7.37752838e-02	 1.82039514e-08
 7.49899904e-02	 1.82039514e-08
 7.62246971e-02	 1.82039514e-08
 7.74797332e-02	 1.82039514e-08
 7.87554334e-02	 1.92169326e-08
 8.00521380e-02	 1.92169326e-08
 8.13701927e-02	 1.92169326e-08
 8.27099491e-02	 1.92169326e-08
 8.40717646e-02	 1.92169326e-08
 8.54560022e-02	 1.92169326e-08
 8.68630313e-02	 1.92169326e-08
 8.82932271e-02	 2.89080449e-08
 8.97469710e-02	 2.89080449e-08
 9.12246507e-02	 2.89080449e-08
 9.27266603e-02	 2.89080449e-08
 9.42534004e-02	 2.89080449e-08
 9.58052783e-02	 2.89080449e-08
 9.73827077e-02	 2.89080449e-08
 9.89861094e-02	 2.89080449e-08
 1.00615911e-01	 2.89080449e-08
 1.02272547e-01	 2.89080449e-08
 1.03956460e-01	 4.14411047e-08
 1.05668098e-01	 4.14411047e-08
 1.07407919e-01	 4.14411047e-08
 1.09176385e-01	 4.14411047e-08
 1.10973969e-01	 4.14411047e-08
 1.12801150e-01	 4.14411047e-08
 1.14658416e-01	 7.40131767e-08
 1.16546262e-01	 7.40131767e-08
 1.18465190e-01	 8.92408547e-08
 1.20415714e-01	 8.92408547e-08
 1.22398353e-01	 8.92408547e-08
 1.24413636e-01	 8.92408547e-08
 1.26462101e-01	 8.92408547e-08
 1.28544294e-01	 8.92408547e-08
 1.30660770e-01	 1.09328842e-07
 1.32812093e-01	 1.09328842e-07
 1.34998838e-01	 1.09328842e-07
 1.37221588e-01	 1.09328842e-07
 1.39480935e-01	 1.09328842e-07
 1.41777482e-01	 1.09328842e-07
 1.44111841e-01	 1.25955163e-07
 1.46484636e-01	 1.25955163e-07
 1.48896499e-01	 1.53488356e-07
 1.51348073e-01	 1.71750098e-07
 1.53840012e-01	 1.71750098e-07
 1.56372980e-01	 1.71750098e-07
 1.58947654e-01	 1.71750098e-07
 1.61564720e-01	 1.90798519e-07
 1.64224875e-01	 1.90798519e-07
 1.66928830e-01	 2.02787670e-07
 1.69677306e-01	 2.02787670e-07
 1.72471035e-01	 2.02787670e-07
 1.75310762e-01	 2.47946385e-07
 1.78197246e-01	 2.62204186e-07
 1.81131255e-01	 2.82251171e-07
 1.84113573e-01	 2.82251171e-07
 1.87144994e-01	 2.97744852e-07
 1.90226328e-01	 3.74556599e-07
 1.93358395e-01	 3.74556599e-07
 1.96542032e-01	 3.74556599e-07
 1.99778088e-01	 3.74556599e-07
 2.03067425e-01	 4.11825936e-07
 2.06410920e-01	 4.28826968e-07
 2.09809466e-01	 4.53792334e-07
 2.13263970e-01	 4.53792334e-07
 2.16775351e-01	 4.53792334e-07
 2.20344547e-01	 5.44425971e-07
 2.23972510e-01	 6.57969040e-07
 2.27660207e-01	 8.46856547e-07
 2.31408621e-01	 1.02675254e-06
 2.35218753e-01	 1.02675254e-06
 2.39091619e-01	 1.02675254e-06
 2.43028252e-01	 1.10302191e-06
 2.47029700e-01	 1.17095371e-06
 2.51097033e-01	 1.17095371e-06
 2.55231334e-01	 1.23760263e-06
 2.59433706e-01	 1.35914419e-06
 2.63705270e-01	 1.42963379e-06
 2.68047165e-01	 1.59670402e-06
 2.72460549e-01	 1.77528121e-06
 2.76946599e-01	 1.77528121e-06
 2.81506512e-01	 1.86723300e-06
 2.86141503e-01	 1.93996335e-06
 2.90852810e-01	 1.93996335e-06
 2.95641688e-01	 2.03085729e-06
 3.00509414e-01	 2.10868077e-06
 3.05457288e-01	 2.20347267e-06
 3.10486628e-01	 2.20347267e-06
 3.15598776e-01	 2.20347267e-06
 3.20795095e-01	 2.20347267e-06
 3.26076971e-01	 2.29592946e-06
 3.31445813e-01	 2.45604995e-06
 3.36903053e-01	 2.45604995e-06
 3.42450146e-01	 2.81828380e-06
 3.48088572e-01	 2.92804841e-06
 3.53819834e-01	 2.92804841e-06
 3.59645461e-01	 3.30375773e-06
 3.65567007e-01	 3.41191856e-06
 3.71586051e-01	 3.97543746e-06
 3.77704198e-01	 3.97543746e-06
 3.83923080e-01	 4.23764418e-06
 3.90244355e-01	 4.82653102e-06
 3.96669710e-01	 4.82653102e-06
 4.03200859e-01	 4.82653102e-06
 4.09839542e-01	 5.35181643e-06
 4.16587531e-01	 6.24456436e-06
 4.23446625e-01	 6.34470127e-06
 4.30418654e-01	 6.58613168e-06
 4.37505477e-01	 7.01002043e-06
 4.44708985e-01	 7.01002043e-06
 4.52031097e-01	 7.22089005e-06
 4.59473768e-01	 7.61584741e-06
 4.67038982e-01	 7.86729196e-06
 4.74728757e-01	 8.54316925e-06
 4.82545144e-01	 8.75627206e-06
 4.90490228e-01	 8.84132317e-06
 4.98566126e-01	 1.00541018e-05
 5.06774994e-01	 1.08236379e-05
 5.15119021e-01	 1.13417755e-05
 5.23600432e-01	 1.22468163e-05
 5.32221488e-01	 1.25155051e-05
 5.40984490e-01	 1.27931060e-05
 5.49891775e-01	 1.31555291e-05
 5.58945717e-01	 1.37650967e-05
 5.68148732e-01	 1.46912011e-05
 5.77503275e-01	 1.46912011e-05
 5.87011839e-01	 1.48849249e-05
 5.96676962e-01	 1.55606755e-05
 6.06501220e-01	 1.70048384e-05
 6.16487235e-01	 1.82017177e-05
 6.26637668e-01	 1.88634119e-05
 6.36955228e-01	 2.00140690e-05
 6.47442666e-01	 2.08594482e-05
 6.58102780e-01	 2.28023068e-05
 6.68938411e-01	 2.43593275e-05
 6.79952451e-01	 2.43593275e-05
 6.91147836e-01	 2.71108511e-05
 7.02527553e-01	 2.90085802e-05
 7.14094637e-01	 2.93684023e-05
 7.25852172e-01	 3.09052892e-05
 7.37803294e-01	 3.40562091e-05
 7.49951191e-01	 3.55762124e-05
 7.62299102e-01	 3.62260665e-05
 7.74850321e-01	 3.64977860e-05
 7.87608196e-01	 3.70232420e-05
 8.00576128e-01	 3.94845348e-05
 8.13757576e-01	 4.07291608e-05
 8.27156057e-01	 4.38588348e-05
 8.40775143e-01	 4.68773306e-05
 8.54618466e-01	 4.81756594e-05
 8.68689720e-01	 5.07239173e-05
 8.82992655e-01	 5.58135697e-05
 8.97531088e-01	 6.04857838e-05
 9.12308896e-01	 6.23591254e-05
 9.27330019e-01	 6.36312362e-05
 9.42598465e-01	 6.89369693e-05
 9.58118305e-01	 7.54706549e-05
 9.73893678e-01	 7.99671752e-05
 9.89928792e-01	 8.36352432e-05
 1.00622792e+00	 8.96873893e-05
 1.02279542e+00	 9.28162484e-05
 1.03963570e+00	 9.45847650e-05
 1.05675325e+00	 9.90222381e-05
 1.07415264e+00	 9.96668888e-05
 1.09183852e+00	 1.07008917e-04
 1.10981559e+00	 1.14844386e-04
 1.12808865e+00	 1.25407578e-04
 1.14666258e+00	 1.30605934e-04
 1.16554232e+00	 1.33671289e-04
 1.18473292e+00	 1.42873104e-04
 1.20423949e+00	 1.47692652e-04
 1.22406724e+00	 1.57270202e-04
 1.24422145e+00	 1.68390483e-04
 1.26470750e+00	 1.75330755e-04
 1.28553085e+00	 1.87676711e-04
 1.30669706e+00	 2.00851026e-04
 1.32821176e+00	 2.04262464e-04
 1.35008071e+00	 2.12021257e-04
 1.37230972e+00	 2.25717024e-04
 1.39490474e+00	 2.28477764e-04
 1.41787178e+00	 2.54405356e-04
 1.44121697e+00	 2.73244856e-04
 1.46494654e+00	 2.95807826e-04
 1.48906682e+00	 3.23516648e-04
 1.51358423e+00	 3.51322447e-04
 1.53850533e+00	 3.59067726e-04
 1.56383675e+00	 3.84774727e-04
 1.58958525e+00	 4.11551643e-04
 1.61575769e+00	 4.33094551e-04
 1.64236107e+00	 4.46423982e-04
 1.66940247e+00	 4.84664155e-04
 1.69688910e+00	 5.12603499e-04
 1.72482830e+00	 5.67512328e-04
 1.75322752e+00	 6.12125596e-04
 1.78209433e+00	 6.40423812e-04
 1.81143643e+00	 6.66250840e-04
 1.84126164e+00	 7.29246176e-04
 1.87157793e+00	 7.58183342e-04
 1.90239337e+00	 7.93921661e-04
 1.93371619e+00	 8.37197886e-04
 1.96555474e+00	 9.25388921e-04
 1.99791751e+00	 9.72127366e-04
 2.03081313e+00	 1.04540779e-03
 2.06425037e+00	 1.10628266e-03
 2.09823815e+00	 1.20327201e-03
 2.13278555e+00	 1.27583768e-03
 2.16790176e+00	 1.34100293e-03
 2.20359616e+00	 1.46429755e-03
 2.23987827e+00	 1.52314322e-03
 2.27675776e+00	 1.59055254e-03
 2.31424447e+00	 1.74412127e-03
 2.35234840e+00	 1.84614883e-03
 2.39107971e+00	 1.97944467e-03
 2.43044872e+00	 2.09547960e-03
 2.47046595e+00	 2.33583951e-03
 2.51114206e+00	 2.53134187e-03
 2.55248789e+00	 2.73815405e-03
 2.59451449e+00	 2.84529340e-03
 2.63723305e+00	 3.02857070e-03
 2.68065497e+00	 3.34791339e-03
 2.72479183e+00	 3.56795671e-03
 2.76965540e+00	 3.74803459e-03
 2.81525764e+00	 4.14762456e-03
 2.86161073e+00	 4.54285989e-03
 2.90872702e+00	 4.84382995e-03
 2.95661907e+00	 5.19335959e-03
 3.00529967e+00	 5.61750779e-03
 3.05478178e+00	 5.99872961e-03
 3.10507862e+00	 6.32511073e-03
 3.15620360e+00	 6.85341633e-03
 3.20817034e+00	 7.38054684e-03
 3.26099272e+00	 7.92999080e-03
 3.31468481e+00	 8.54113156e-03
 3.36926094e+00	 9.04952471e-03
 3.42473567e+00	 9.76182320e-03
 3.48112378e+00	 1.03445868e-02
 3.53844032e+00	 1.10654868e-02
 3.59670058e+00	 1.18874509e-02
 3.65592008e+00	 1.28661798e-02
 3.71611464e+00	 1.37037102e-02
 3.77730029e+00	 1.48394232e-02
 3.83949336e+00	 1.58973859e-02
 3.90271044e+00	 1.73042808e-02
 3.96696839e+00	 1.83019131e-02
 4.03228434e+00	 1.96318057e-02
 4.09867571e+00	 2.14529887e-02
 4.16616022e+00	 2.30911738e-02
 4.23475585e+00	 2.52366250e-02
 4.30448091e+00	 2.72791685e-02
 4.37535399e+00	 2.92821002e-02
 4.44739399e+00	 3.10879373e-02
 4.52062012e+00	 3.31896809e-02
 4.59505192e+00	 3.51515396e-02
 4.67070924e+00	 3.69303541e-02
 4.74761225e+00	 3.87408435e-02
 4.82578146e+00	 4.04670547e-02
 4.90523773e+00	 4.23517864e-02
 4.98600224e+00	 4.36460351e-02
 5.06809653e+00	 4.53998600e-02
 5.15154250e+00	 4.66449825e-02
 5.23636241e+00	 4.85950785e-02
 5.32257887e+00	 5.05152357e-02
 5.41021489e+00	 5.26709460e-02
 5.49929382e+00	 5.41889263e-02
 5.58983944e+00	 5.58925198e-02
 5.68187589e+00	 5.78578204e-02
 5.77542771e+00	 5.94155582e-02
 5.87051986e+00	 6.10107665e-02
 5.96717769e+00	 6.27696422e-02
 6.06542699e+00	 6.47333546e-02
 6.16529397e+00	 6.65340413e-02
 6.26680524e+00	 6.86743563e-02
 6.36998790e+00	 7.12829302e-02
 6.47486945e+00	 7.41579980e-02
 6.58147788e+00	 7.68391006e-02
 6.68984160e+00	 7.94367346e-02
 6.79998953e+00	 8.19048559e-02
 6.91195104e+00	 8.48662796e-02
 7.02575600e+00	 8.74257045e-02
 7.14143474e+00	 9.03650776e-02
 7.25901813e+00	 9.34173711e-02
 7.37853753e+00	 9.76085911e-02
 7.50002480e+00	 9.95624745e-02
 7.62351236e+00	 1.01462762e-01
 7.74903314e+00	 1.03428195e-01
 7.87662061e+00	 1.05589812e-01
 8.00630880e+00	 1.07457960e-01
 8.13813230e+00	 1.09451239e-01
 8.27212627e+00	 1.11228020e-01
 8.40832644e+00	 1.13257172e-01
 8.54676914e+00	 1.16178448e-01
 8.68749130e+00	 1.17699997e-01
 8.83053044e+00	 1.21109069e-01
 8.97592471e+00	 1.22965997e-01
 9.12371289e+00	 1.25168525e-01
 9.27393440e+00	 1.27338292e-01
 9.42662930e+00	 1.29208467e-01
 9.58183831e+00	 1.30535406e-01
 9.73960283e+00	 1.31093417e-01
 9.89996494e+00	 1.32589822e-01
 1.00629674e+01	 1.33882307e-01
 1.02286537e+01	 1.37331389e-01
 1.03970680e+01	 1.40432906e-01
 1.05682552e+01	 1.44207891e-01
 1.07422611e+01	 1.47030871e-01
 1.09191319e+01	 1.50561802e-01
 1.10989149e+01	 1.56411367e-01
 1.12816580e+01	 1.60066739e-01
 1.14674100e+01	 1.62651459e-01
 1.16562203e+01	 1.67757371e-01
 1.18481395e+01	 1.72492129e-01
 1.20432185e+01	 1.76251426e-01
 1.22415096e+01	 1.83072502e-01
 1.24430655e+01	 1.89429853e-01
 1.26479399e+01	 1.96624161e-01
 1.28561877e+01	 2.04422274e-01
 1.30678642e+01	 2.07682024e-01
 1.32830260e+01	 2.13205080e-01
 1.35017304e+01	 2.19356663e-01
 1.37240358e+01	 2.24035742e-01
 1.39500014e+01	 2.34322175e-01
 1.41796875e+01	 2.42579099e-01
 1.44131554e+01	 2.58903121e-01
 1.46504673e+01	 2.73411550e-01
 1.48916866e+01	 2.83553814e-01
 1.51368775e+01	 2.93442692e-01
 1.53861055e+01	 3.05464134e-01
 1.56394370e+01	 3.15566099e-01
 1.58969396e+01	 3.34795670e-01
 1.61586820e+01	 3.49843380e-01
 1.64247339e+01	 3.60925669e-01
 1.66951664e+01	 3.69018708e-01
 1.69700515e+01	 3.82474965e-01
 1.72494626e+01	 4.07091369e-01
 1.75334742e+01	 4.16628263e-01
 1.78221621e+01	 4.26719245e-01
 1.81156031e+01	 4.42809416e-01
 1.84138757e+01	 4.58193906e-01
 1.87170593e+01	 4.77248842e-01
 1.90252348e+01	 4.96584936e-01
 1.93384844e+01	 5.14843281e-01
 1.96568917e+01	 5.29824216e-01
 1.99805415e+01	 5.48713015e-01
 2.03095201e+01	 5.83998838e-01
 2.06439154e+01	 6.07664946e-01
 2.09838165e+01	 6.22248394e-01
 2.13293141e+01	 6.45716393e-01
 2.16805003e+01	 6.72123343e-01
 2.20374687e+01	 6.91164420e-01
 2.24003146e+01	 7.16494969e-01
 2.27691347e+01	 7.33672891e-01
 2.31440275e+01	 7.59488871e-01
 2.35250928e+01	 7.86001247e-01
 2.39124324e+01	 8.25559057e-01
 2.43061494e+01	 8.62537952e-01
 2.47063491e+01	 9.07448428e-01
 2.51131379e+01	 9.43755826e-01
 2.55266246e+01	 9.82135315e-01
 2.59469193e+01	 1.01011885e+00
 2.63741341e+01	 1.03305440e+00
 2.68083830e+01	 1.06995189e+00
 2.72497818e+01	 1.12024058e+00
 2.76984481e+01	 1.16331169e+00
 2.81545018e+01	 1.20938081e+00
 2.86180644e+01	 1.26180448e+00
 2.90892595e+01	 1.30342000e+00
 2.95682128e+01	 1.33984887e+00
 3.00550520e+01	 1.38954931e+00
 3.05499070e+01	 1.42254825e+00
 3.10529098e+01	 1.47226812e+00
 3.15641945e+01	 1.51984450e+00
 3.20838975e+01	 1.58725410e+00
 3.26121574e+01	 1.64110422e+00
 3.31491151e+01	 1.70958255e+00
 3.36949137e+01	 1.80023391e+00
 3.42496989e+01	 1.83706834e+00
 3.48136186e+01	 1.89561345e+00
 3.53868232e+01	 1.96135672e+00
 3.59694656e+01	 2.04491951e+00
 3.65617011e+01	 2.12107201e+00
 3.71636879e+01	 2.17723436e+00
 3.77755862e+01	 2.23422575e+00
 3.83975595e+01	 2.27892132e+00
 3.90297735e+01	 2.32124492e+00
 3.96723969e+01	 2.38308900e+00
 4.03256011e+01	 2.48345306e+00
 4.09895602e+01	 2.55210616e+00
 4.16644514e+01	 2.61135756e+00
 4.23504547e+01	 2.68978157e+00
 4.30477530e+01	 2.74300122e+00
 4.37565322e+01	 2.78315600e+00
 4.44769815e+01	 2.83195382e+00
 4.52092929e+01	 2.90482153e+00
 4.59536618e+01	 2.96260406e+00
 4.67102867e+01	 3.04999109e+00
 4.74793694e+01	 3.11153665e+00
 4.82611150e+01	 3.18319527e+00
 4.90557320e+01	 3.25822368e+00
 4.98634323e+01	 3.33086355e+00
 5.06844314e+01	 3.41706653e+00
 5.15189482e+01	 3.49386719e+00
 5.23672053e+01	 3.56302966e+00
 5.32294289e+01	 3.65251562e+00
 5.41058490e+01	 3.73336311e+00
 5.49966992e+01	 3.83030316e+00
 5.59022173e+01	 3.89017652e+00
 5.68226447e+01	 4.00769599e+00
 5.77582269e+01	 4.08273935e+00
 5.87092134e+01	 4.16687907e+00
 5.96758579e+01	 4.22558156e+00
 6.06584181e+01	 4.30924861e+00
 6.16571561e+01	 4.37777398e+00
 6.26723384e+01	 4.45895756e+00
 6.37042355e+01	 4.56707345e+00
 6.47531227e+01	 4.65120240e+00
 6.58192799e+01	 4.73973835e+00
 6.69029913e+01	 4.80298286e+00
 6.80045459e+01	 4.90685592e+00
 6.91242376e+01	 5.01056670e+00
 7.02623649e+01	 5.07552759e+00
 7.14192315e+01	 5.21174658e+00
 7.25951458e+01	 5.29245916e+00
 7.37904215e+01	 5.46230178e+00
 7.50053773e+01	 5.51540537e+00
 7.62403374e+01	 5.67052694e+00
 7.74956310e+01	 5.79575764e+00
 7.87715929e+01	 5.95761968e+00
 8.00685635e+01	 6.09471151e+00
 8.13868887e+01	 6.29320106e+00
 8.27269200e+01	 6.44847919e+00
 8.40890149e+01	 6.65500256e+00
 8.54735366e+01	 6.86418085e+00
 8.68808544e+01	 7.02573355e+00
 8.83113436e+01	 7.16193304e+00
 8.97653858e+01	 7.43464917e+00
 9.12433687e+01	 7.60032741e+00
 9.27456865e+01	 7.79783879e+00
 9.42727399e+01	 8.08921501e+00
 9.58249362e+01	 8.22228292e+00
 9.74026893e+01	 8.38853753e+00
 9.90064200e+01	 8.48415645e+00
 1.00636556e+02	 8.62236068e+00
 1.02293532e+02	 8.70506199e+00
 1.03977791e+02	 8.73991949e+00
 1.05689780e+02	 8.82774668e+00
 1.07429957e+02	 8.88707500e+00
 1.09198787e+02	 8.98727028e+00
 1.10996740e+02	 9.12351137e+00
 1.12824296e+02	 9.17077319e+00
 1.14681942e+02	 9.38371226e+00
 1.16570175e+02	 9.49720379e+00
 1.18489498e+02	 9.60844410e+00
 1.20440422e+02	 9.70989502e+00
 1.22423468e+02	 9.81353699e+00
 1.24439164e+02	 9.89922218e+00
 1.26488049e+02	 1.00493357e+01
 1.28570669e+02	 1.02327057e+01
 1.30687579e+02	 1.03763205e+01
 1.32839344e+02	 1.06103535e+01
 1.35026538e+02	 1.08662991e+01
 1.37249744e+02	 1.10107376e+01
 1.39509554e+02	 1.12698094e+01
 1.41806572e+02	 1.16629050e+01
 1.44141411e+02	 1.20309267e+01
 1.46514693e+02	 1.22116819e+01
 1.48927050e+02	 1.23792879e+01
 1.51379127e+02	 1.26672882e+01
 1.53871577e+02	 1.29278589e+01
 1.56405066e+02	 1.30766247e+01
 1.58980268e+02	 1.33505146e+01
 1.61597871e+02	 1.37046364e+01
 1.64258572e+02	 1.41145098e+01
 1.66963082e+02	 1.46235864e+01
 1.69712121e+02	 1.50980516e+01
 1.72506423e+02	 1.56043122e+01
 1.75346734e+02	 1.59378052e+01
 1.78233809e+02	 1.63386644e+01
 1.81168421e+02	 1.68937302e+01
 1.84151350e+02	 1.75692146e+01
 1.87183394e+02	 1.83096154e+01
 1.90265360e+02	 1.89424164e+01
 1.93398070e+02	 1.96311302e+01
 1.96582360e+02	 2.03176522e+01
 1.99819079e+02	 2.13284376e+01
 2.03109091e+02	 2.23481177e+01
 2.06453273e+02	 2.31267640e+01
 2.09852516e+02	 2.38861389e+01
 2.13307728e+02	 2.47296078e+01
 2.16819830e+02	 2.59278082e+01
 2.20389759e+02	 2.71343847e+01
 2.24018466e+02	 2.84056931e+01
 2.27706919e+02	 2.98841023e+01
 2.31456103e+02	 3.17021833e+01
 2.35267017e+02	 3.33060625e+01
 2.39140677e+02	 3.50378109e+01
 2.43078118e+02	 3.72865983e+01
 2.47080387e+02	 4.02107063e+01
 2.51148555e+02	 4.28297380e+01
 2.55283704e+02	 4.57253357e+01
 2.59486938e+02	 4.87450019e+01
 2.63759378e+02	 5.16886599e+01
 2.68102164e+02	 5.37004418e+01
 2.72516454e+02	 5.63146429e+01
 2.77003425e+02	 5.77517734e+01
 2.81564273e+02	 5.97110666e+01
 2.86200216e+02	 6.10966781e+01
 2.90912489e+02	 6.27016396e+01
 2.95702349e+02	 6.42517324e+01
 3.00571075e+02	 6.59763981e+01
 3.05519964e+02	 6.72811264e+01
 3.10550336e+02	 6.91755437e+01
 3.15663532e+02	 7.07085888e+01
 3.20860918e+02	 7.19653184e+01
 3.26143878e+02	 7.35377537e+01
 3.31513822e+02	 7.51839636e+01
 3.36972181e+02	 7.57981728e+01
 3.42520412e+02	 7.72641597e+01
 3.48159995e+02	 7.85856658e+01
 3.53892433e+02	 7.98760738e+01
 3.59719256e+02	 8.11130194e+01
 3.65642016e+02	 8.22261052e+01
 3.71662295e+02	 8.37845609e+01
 3.77781697e+02	 8.46916539e+01
 3.84001855e+02	 8.57841739e+01
 3.90324428e+02	 8.76315855e+01
 3.96751102e+02	 8.88317748e+01
 4.03283590e+02	 9.01664017e+01
 4.09923635e+02	 9.18933347e+01
 4.16673009e+02	 9.34489813e+01
 4.23533511e+02	 9.52003250e+01
 4.30506970e+02	 9.72955174e+01
 4.37595247e+02	 9.89236139e+01
 4.44800233e+02	 9.97869534e+01
 4.52123848e+02	 1.00574038e+02
 4.59568046e+02	 1.02033434e+02
 4.67134812e+02	 1.04557759e+02
 4.74826165e+02	 1.06240304e+02
 4.82644156e+02	 1.08754657e+02
 4.90590869e+02	 1.11243572e+02
 4.98668425e+02	 1.12572664e+02
 5.06878978e+02	 1.14381643e+02
 5.15224716e+02	 1.15365752e+02
 5.23707867e+02	 1.17921124e+02
 5.32330693e+02	 1.20415446e+02
 5.41095493e+02	 1.23382424e+02
 5.50004605e+02	 1.25852023e+02
 5.59060405e+02	 1.29533958e+02
 5.68265309e+02	 1.31767499e+02
 5.77621771e+02	 1.34371111e+02
 5.87132286e+02	 1.36067907e+02
 5.96799392e+02	 1.37305016e+02
 6.06625666e+02	 1.39697825e+02
 6.16613729e+02	 1.41467045e+02
 6.26766246e+02	 1.43720502e+02
 6.37085923e+02	 1.44791313e+02
 6.47575513e+02	 1.45963784e+02
 6.58237813e+02	 1.47972469e+02
 6.69075668e+02	 1.49464970e+02
 6.80091968e+02	 1.50389775e+02
 6.91289650e+02	 1.51822337e+02
 7.02671702e+02	 1.53266948e+02
 7.14241159e+02	 1.54143090e+02
 7.26001106e+02	 1.55496924e+02
 7.37954681e+02	 1.56831730e+02
 7.50105070e+02	 1.57730642e+02
 7.62455515e+02	 1.58592522e+02
 7.75009310e+02	 1.59980131e+02
 7.87769802e+02	 1.61962947e+02
 8.00740395e+02	 1.62465085e+02
 8.13924548e+02	 1.63684053e+02
 8.27325778e+02	 1.64554518e+02
 8.40947658e+02	 1.65482489e+02
 8.54793822e+02	 1.66862897e+02
 8.68867963e+02	 1.67883330e+02
 8.83173833e+02	 1.69401112e+02
 8.97715249e+02	 1.70244206e+02
 9.12496089e+02	 1.71199820e+02
 9.27520295e+02	 1.73090927e+02
 9.42791873e+02	 1.74805671e+02
 9.58314897e+02	 1.76006158e+02
 9.74093507e+02	 1.76639420e+02
 9.90131911e+02	 1.77624485e+02
 1.00643439e+03	 1.79542537e+02
 1.02300528e+03	 1.80389121e+02
 1.03984902e+03	 1.82249484e+02
 1.05697008e+03	 1.83261496e+02
 1.07437305e+03	 1.84935902e+02
 1.09206255e+03	 1.85814952e+02
 1.11004331e+03	 1.87617833e+02
 1.12832012e+03	 1.88840505e+02
 1.14689786e+03	 1.89797479e+02
 1.16578148e+03	 1.90991159e+02
 1.18497601e+03	 1.92092609e+02
 1.20448659e+03	 1.93076354e+02
 1.22431840e+03	 1.95153619e+02
 1.24447675e+03	 1.95810170e+02
 1.26496700e+03	 1.96252737e+02
 1.28579462e+03	 2.00536392e+02
 1.30696517e+03	 2.02997420e+02
 1.32848429e+03	 2.04929005e+02
 1.35035772e+03	 2.06041488e+02
 1.37259130e+03	 2.08304919e+02
 1.39519095e+03	 2.09008266e+02
 1.41816271e+03	 2.10548105e+02
 1.44151269e+03	 2.12593619e+02
 1.46524713e+03	 2.14278690e+02
 1.48937236e+03	 2.16549753e+02
 1.51389480e+03	 2.18068864e+02
 1.53882101e+03	 2.20256179e+02
 1.56415763e+03	 2.22101773e+02
 1.58991141e+03	 2.24027334e+02
 1.61608922e+03	 2.24959621e+02
 1.64269806e+03	 2.26822159e+02
 1.66974501e+03	 2.28630949e+02
 1.69723728e+03	 2.31443462e+02
 1.72518221e+03	 2.32359388e+02
 1.75358726e+03	 2.34329875e+02
 1.78245999e+03	 2.35847087e+02
 1.81180811e+03	 2.37321254e+02
 1.84163945e+03	 2.40479088e+02
 1.87196195e+03	 2.43039343e+02
 1.90278372e+03	 2.45088329e+02
 1.93411296e+03	 2.48006851e+02
 1.96595804e+03	 2.50979811e+02
 1.99832745e+03	 2.51267605e+02
 2.03122982e+03	 2.54263271e+02
 2.06467392e+03	 2.54263271e+02
 2.09866868e+03	 2.55761543e+02
 2.13322317e+03	 2.58703449e+02
 2.16834659e+03	 2.60410485e+02
 2.20404831e+03	 2.64391605e+02
 2.24033786e+03	 2.65520784e+02
 2.27722492e+03	 2.66455302e+02
 2.31471933e+03	 2.69117194e+02
 2.35283107e+03	 2.69117194e+02
 2.39157033e+03	 2.69756603e+02
 2.43094742e+03	 2.71764006e+02
 2.47097285e+03	 2.73486898e+02
 2.51165731e+03	 2.77893592e+02
 2.55301163e+03	 2.80236757e+02
 2.59504685e+03	 2.81130111e+02
 2.63777417e+03	 2.81904984e+02
 2.68120500e+03	 2.82258671e+02
 2.72535092e+03	 2.84382774e+02
 2.77022369e+03	 2.84891120e+02
 2.81583529e+03	 2.86000471e+02
 2.86219789e+03	 2.88702023e+02
 2.90932385e+03	 2.91216536e+02
 2.95722573e+03	 2.93438185e+02
 3.00591631e+03	 2.95323132e+02
 3.05540858e+03	 2.97122183e+02
 3.10571574e+03	 3.01177525e+02
 3.15685121e+03	 3.03024028e+02
 3.20882862e+03	 3.03024028e+02
 3.26166183e+03	 3.03951212e+02
 3.31536494e+03	 3.03951212e+02
 3.36995227e+03	 3.08223258e+02
 3.42543838e+03	 3.09465684e+02
 3.48183806e+03	 3.10040098e+02
 3.53916636e+03	 3.10254617e+02
 3.59743857e+03	 3.11481782e+02
 3.65667023e+03	 3.12102936e+02
 3.71687713e+03	 3.16438876e+02
 3.77807534e+03	 3.16438876e+02
 3.84028118e+03	 3.17055658e+02
 3.90351123e+03	 3.20097293e+02
 3.96778236e+03	 3.22008644e+02
 4.03311171e+03	 3.26326912e+02
 4.09951670e+03	 3.27838943e+02
 4.16701506e+03	 3.30780898e+02
 4.23562476e+03	 3.31403241e+02
 4.30536413e+03	 3.33890822e+02
 4.37625175e+03	 3.35820153e+02
 4.44830653e+03	 3.36409590e+02
 4.52154769e+03	 3.37939747e+02
 4.59599476e+03	 3.38516330e+02
 4.67166760e+03	 3.38925587e+02
 4.74858639e+03	 3.41830947e+02
 4.82677164e+03	 3.45659943e+02
 4.90624421e+03	 3.47030506e+02
 4.98702530e+03	 3.47030506e+02
 5.06913643e+03	 3.51130506e+02
 5.15259953e+03	 3.55496988e+02
 5.23743684e+03	 3.56167035e+02
 5.32367099e+03	 3.56167035e+02
 5.41132499e+03	 3.59078711e+02
 5.50042220e+03	 3.61176379e+02
 5.59098640e+03	 3.64958040e+02
 5.68304173e+03	 3.64958040e+02
 5.77661275e+03	 3.73993357e+02
 5.87172440e+03	 3.78029437e+02
 5.96840207e+03	 3.78852382e+02
 6.06667154e+03	 3.80908092e+02
 6.16655900e+03	 3.80908092e+02
 6.26809111e+03	 3.82966262e+02
 6.37129493e+03	 3.89489255e+02
 6.47619801e+03	 3.89489255e+02
 6.58282831e+03	 3.89489255e+02
 6.69121427e+03	 3.93439447e+02
 6.80138480e+03	 3.96321348e+02
 6.91336928e+03	 3.99660554e+02
 7.02719758e+03	 3.99660554e+02
 7.14290007e+03	 3.99660554e+02
 7.26050758e+03	 3.99660554e+02
 7.38005150e+03	 4.00147408e+02
 7.50156370e+03	 4.01582369e+02
 7.62507660e+03	 4.02658488e+02
 7.75062313e+03	 4.06261878e+02
 7.87823678e+03	 4.08670171e+02
 8.00795158e+03	 4.10231843e+02
 8.13980213e+03	 4.13080747e+02
 8.27382359e+03	 4.21438171e+02
 8.41005171e+03	 4.26760188e+02
 8.54852282e+03	 4.26760188e+02
 8.68927385e+03	 4.26760188e+02
 8.83234234e+03	 4.29493833e+02
 8.97776645e+03	 4.31167071e+02
 9.12558495e+03	 4.31167071e+02
 9.27583728e+03	 4.36213698e+02
 9.42856351e+03	 4.36213698e+02
 9.58380437e+03	 4.38822997e+02
 9.74160126e+03	 4.45913805e+02
 9.90199627e+03	 4.47576961e+02
 1.00650322e+04	 4.50522725e+02
 1.02307525e+04	 4.53746356e+02
 1.03992013e+04	 4.53746356e+02
 1.05704237e+04	 4.55656131e+02
 1.07444652e+04	 4.56457453e+02
 1.09213723e+04	 4.60011048e+02
 1.11011922e+04	 4.67460541e+02
 1.12839728e+04	 4.72337261e+02
 1.14697629e+04	 4.72337261e+02
 1.16586120e+04	 4.72337261e+02
 1.18505705e+04	 4.72337261e+02
 1.20456896e+04	 4.74280632e+02
 1.22440214e+04	 4.75488642e+02
 1.24456186e+04	 4.77804574e+02
 1.26505351e+04	 4.77804574e+02
 1.28588256e+04	 4.77804574e+02
 1.30705456e+04	 4.81798290e+02
 1.32857515e+04	 4.90623661e+02
 1.35045008e+04	 4.90623661e+02
 1.37268517e+04	 4.90623661e+02
 1.39528637e+04	 4.90623661e+02
 1.41825970e+04	 4.90623661e+02
 1.44161128e+04	 4.90623661e+02
 1.46534734e+04	 4.93351965e+02
 1.48947421e+04	 4.95625592e+02
 1.51399834e+04	 4.95625592e+02
 1.53892625e+04	 4.96726726e+02
 1.56426460e+04	 5.06446466e+02
 1.59002014e+04	 5.06446466e+02
 1.61619975e+04	 5.11188295e+02
 1.64281040e+04	 5.16792036e+02
 1.66985920e+04	 5.16792036e+02
 1.69735335e+04	 5.18653646e+02
 1.72530020e+04	 5.24367372e+02
 1.75370719e+04	 5.27132848e+02
 1.78258189e+04	 5.27132848e+02
 1.81193202e+04	 5.29100448e+02
 1.84176540e+04	 5.34671539e+02
 1.87208998e+04	 5.34671539e+02
 1.90291385e+04	 5.34671539e+02
 1.93424524e+04	 5.38396104e+02
 1.96609250e+04	 5.44795556e+02
 1.99846412e+04	 5.44795556e+02
 2.03136874e+04	 5.44795556e+02
 2.06481513e+04	 5.44795556e+02
 2.09881221e+04	 5.44795556e+02
 2.13336906e+04	 5.46817174e+02
 2.16849488e+04	 5.54800091e+02
 2.20419905e+04	 5.54800091e+02
 2.24049108e+04	 5.54800091e+02
 2.27738066e+04	 5.54800091e+02
 2.31487763e+04	 5.68451467e+02
 2.35299198e+04	 5.68451467e+02
 2.39173389e+04	 5.68451467e+02
 2.43111367e+04	 5.68451467e+02
 2.47114185e+04	 5.68451467e+02
 2.51182908e+04	 5.68451467e+02
 2.55318623e+04	 5.70409303e+02
 2.59522432e+04	 5.78756260e+02
 2.63795457e+04	 5.78756260e+02
 2.68138837e+04	 5.78756260e+02
 2.72553730e+04	 5.87378322e+02
 2.77041315e+04	 5.87378322e+02
 2.81602787e+04	 5.87378322e+02
 2.86239364e+04	 5.87378322e+02
 2.90952282e+04	 5.87378322e+02
 2.95742797e+04	 5.92221591e+02
 3.00612189e+04	 5.97849237e+02
 3.05561755e+04	 5.97849237e+02
 3.10592815e+04	 5.97849237e+02
 3.15706711e+04	 5.97849237e+02
 3.20904807e+04	 5.97849237e+02
 3.26188490e+04	 6.01542948e+02
 3.31559168e+04	 6.05249812e+02
 3.37018274e+04	 6.11530628e+02
 3.42567264e+04	 6.11530628e+02
 3.48207618e+04	 6.11530628e+02
 3.53940841e+04	 6.11530628e+02
 3.59768460e+04	 6.11530628e+02
 3.65692031e+04	 6.11530628e+02
 3.71713133e+04	 6.11530628e+02
 3.77833373e+04	 6.11530628e+02
 3.84054382e+04	 6.11530628e+02
 3.90377819e+04	 6.15357710e+02
 3.96805372e+04	 6.15357710e+02
 4.03338754e+04	 6.15357710e+02
 4.09979707e+04	 6.15357710e+02
 4.16730004e+04	 6.15357710e+02
 4.23591444e+04	 6.29412592e+02
 4.30565858e+04	 6.32847543e+02
 4.37655104e+04	 6.32847543e+02
 4.44861075e+04	 6.32847543e+02
 4.52185692e+04	 6.32847543e+02
 4.59630908e+04	 6.32847543e+02
 4.67198710e+04	 6.41256230e+02
 4.74891115e+04	 6.41256230e+02
 4.82710175e+04	 6.46853307e+02
 4.90657976e+04	 6.46853307e+02
 4.98736636e+04	 6.46853307e+02
 5.06948312e+04	 6.46853307e+02
 5.15295192e+04	 6.46853307e+02
 5.23779503e+04	 6.55713186e+02
 5.32403508e+04	 6.55713186e+02
 5.41169507e+04	 6.55713186e+02
 5.50079838e+04	 6.55713186e+02
 5.59136877e+04	 6.55713186e+02
 5.68343040e+04	 6.55713186e+02
 5.77700781e+04	 6.55713186e+02
 5.87212598e+04	 6.55713186e+02
 5.96881026e+04	 6.55713186e+02
 6.06708644e+04	 6.55713186e+02
 6.16698073e+04	 6.55713186e+02
 6.26851979e+04	 6.55713186e+02
 6.37173067e+04	 6.55713186e+02
 6.47664092e+04	 6.55713186e+02
 6.58327851e+04	 6.55713186e+02
 6.69167188e+04	 6.55713186e+02
 6.80184995e+04	 6.55713186e+02
 6.91384209e+04	 6.55713186e+02
 7.02767818e+04	 6.55713186e+02
 7.14338857e+04	 6.55713186e+02
 7.26100413e+04	 6.55713186e+02
 7.38055623e+04	 6.55713186e+02
 7.50207674e+04	 6.55713186e+02
 7.62559809e+04	 6.55713186e+02
 7.75115320e+04	 6.55713186e+02
 7.87877558e+04	 6.55713186e+02
 8.00849925e+04	 6.55713186e+02
 8.14035882e+04	 6.55713186e+02
 8.27438945e+04	 6.55713186e+02
 8.41062688e+04	 6.55713186e+02
 8.54910746e+04	 6.55713186e+02
 8.68986812e+04	 6.55713186e+02
 8.83294639e+04	 6.55713186e+02
 8.97838044e+04	 6.55713186e+02
 9.12620906e+04	 6.55713186e+02
 9.27647166e+04	 6.55713186e+02
 9.42920834e+04	 6.55713186e+02
 9.58445981e+04	 6.66921354e+02
 9.74226750e+04	 6.66921354e+02
 9.90267348e+04	 6.66921354e+02
 1.00657205e+05	 6.66921354e+02
 1.02314522e+05	 6.66921354e+02
 1.03999125e+05	 6.66921354e+02
 1.05711466e+05	 6.66921354e+02
 1.07452000e+05	 6.66921354e+02
 1.09221193e+05	 6.66921354e+02
 1.11019515e+05	 6.66921354e+02
 1.12847446e+05	 6.66921354e+02
 1.14705474e+05	 6.66921354e+02
 1.16594094e+05	 6.66921354e+02
 1.18513810e+05	 6.66921354e+02
 1.20465135e+05	 6.66921354e+02
 1.22448587e+05	 6.66921354e+02
 1.24464698e+05	 6.66921354e+02
 1.26514003e+05	 6.66921354e+02
 1.28597050e+05	 6.66921354e+02
 1.30714395e+05	 6.66921354e+02
